
strategic_region={
	id=135
	name="STRATEGICREGION_135"
	provinces={
		11289 11298 11314 11600 11676 11742 11954 12111 12137 12370 12500 12633 12681 12698 12719 12848 13000 13006 13136 13138 13172 13249 13300 13513 13532 13613 13715 13722 13765 13774 13868 13898 13915 13962 13989 14015 14157 14165 14225 14407 14457 14466 14540 14593 14720 14814 14858 14941 14966 15021 15187 15224 15268 15325 15405 15419 15522 15585 15602 15630 15688 16480 16488 16503 16514 16535 16536 16538 16551 16552 16557 16568 16571 16576 16586 
	}
	weather={
	}
}
