
strategic_region={
	id=139
	name="STRATEGICREGION_139"
	provinces={
		11292 11302 11309 11354 11359 11388 11447 11495 11498 11618 11759 11871 11953 11973 11999 12124 12186 12339 12464 12489 12540 12603 12729 12737 12777 12782 12813 12814 12956 13011 13039 13086 13211 13252 13269 13308 13315 13323 13427 13668 13670 13704 14041 14105 14108 14125 14154 14187 14255 14270 14335 14405 14452 14456 14495 14541 14599 14704 14799 14801 14811 14815 14820 14935 15033 15086 15137 15233 15338 15393 15402 15446 15449 15452 15458 15464 15521 15523 15537 15540 15542 15564 15686 16634 16641 16645 16657 16659 16666 16678 16696 16697 16701 16704 16709 16724 16727 
	}
	weather={
	}
}
