
strategic_region={
	id=14
	name="STRATEGICREGION_14"
	provinces={
		20 32 33 76 104 269 299 336 420 421 539 566 572 575 633 682 688 702 753 777 822 823 828 896 984 1084 1114 1352 1426 1449 1550 1623 1648 1815 1973 2033 2091 2158 2229 2290 2303 2399 2425 2459 2472 2537 2559 2654 2934 3036 3123 3270 3373 3398 3419 3430 3471 3533 3549 3550 3583 3592 3769 3782 3796 3868 3904 3950 4013 4070 4071 4209 4383 4509 4543 4579 4587 4629 4715 4758 4766 4851 4955 5027 5053 5281 5386 5402 5410 5442 5504 5546 5739 5840 5849 5863 5971 6114 6183 6228 6293 10420 10429 10441 10468 10487 10496 10501 10509 10540 10551 10563 10572 10586 10589 10593 10612 10626 10629 10636 10646 10650 10658 10659 10664 10667 10674 10682 10687 10712 10714 10719 10733 10746 10747 10765 10766 10781 10785 10790 10808 10817 10824 10844 10851 10854 10897 10898 10922 10925 10929 10962 10966 10980 11001 11007 11014 11037 11052 
	}
	weather={
	}
}
