
strategic_region={
	id=140
	name="STRATEGICREGION_140"
	provinces={
		11297 11316 11441 11688 11796 11817 11923 12058 12085 12096 12129 12227 12231 12251 12384 12421 12468 12565 12648 12747 12806 13032 13122 13152 13233 13297 13310 13398 13469 13514 13596 13666 13667 13705 13729 13747 13789 13850 13882 13921 14072 14096 14167 14378 14421 14426 14586 14714 14768 14793 15045 15221 15255 15412 15524 15590 15645 16558 16570 16575 16579 16580 16588 16592 16600 16602 16609 16615 16617 16619 16624 16629 
	}
	weather={
	}
}
