
strategic_region={
	id=15
	name="STRATEGICREGION_15"
	provinces={
		147 200 605 653 743 789 872 950 1062 1251 1348 1408 1436 1458 1523 1563 1617 1656 1764 1798 1879 1949 1956 2028 2032 2146 2238 2354 2359 2368 2382 2400 2423 2675 2727 2736 2746 2848 2861 2879 2945 2984 2992 3045 3108 3132 3174 3255 3272 3358 3359 3389 3587 3604 3628 3662 3679 3689 3712 3714 3866 4038 4060 4096 4167 4316 4330 4367 4398 4471 4501 4508 4581 4585 4646 4667 4733 4778 4856 4885 4987 5100 5155 5194 5219 5384 5434 5454 5489 5491 5609 5612 5635 5682 5727 5753 5776 5820 5892 5936 6044 6045 6049 6117 6253 6277 6290 9839 9866 9871 9893 9899 9932 9963 9970 9973 9982 9987 9988 9997 9998 9999 10024 10029 10030 10034 10043 10046 10051 10067 10068 10073 10074 10095 10096 10099 10102 10106 10110 10112 10119 10121 10122 10134 10138 10139 10143 10150 10165 10167 10175 10176 10181 10182 10186 10197 10204 10208 10212 10217 10226 10235 10237 10241 10242 10258 10259 10268 10269 10277 10278 10279 10294 10296 10301 10305 10309 10313 10328 10329 10334 10342 10347 10349 10357 10367 10372 10391 10398 10404 10413 10418 10435 10455 10459 10469 10470 10482 10486 10488 10492 10510 10520 10545 10557 10603 11239 11240 11241 11242 11243 11244 11246 11247 
	}
	weather={
	}
}
