
strategic_region={
	id=158
	name="STRATEGICREGION_158"
	provinces={
		11654 11739 11888 11900 11977 12024 12055 12174 12402 12470 12569 12588 12639 12766 12832 12879 12887 12919 12953 12991 13230 13238 13241 13284 13552 13566 13580 13644 13655 13874 13910 13951 13971 14004 14087 14133 14241 14339 14353 14362 14403 14411 14427 14462 14471 14543 14559 14589 14625 14626 14698 14712 14790 14817 14846 14859 14897 14948 15032 15037 15161 15265 15573 15591 15651 16142 16155 16172 16186 16187 16194 16220 16221 16244 16262 16265 16272 16274 16283 16287 
	}
	weather={
	}
}
