
strategic_region={
	id=160
	name="STRATEGICREGION_160"
	provinces={
		11340 11366 11594 11615 11667 11833 12064 12154 12177 12343 12397 12411 12584 12717 12803 12851 12933 12939 12958 13254 13385 13436 13454 13523 13727 13797 13922 13975 14150 14218 14327 14388 14478 14529 14555 14567 14598 14606 14608 14671 14685 14724 14826 14953 14961 15124 15266 15282 15326 15506 15552 15665 15700 15720 15746 15747 15754 15756 15765 15766 15772 15773 15776 15785 15789 15792 15796 15798 15800 15804 15811 15813 15826 15827 15828 15841 
	}
	weather={
	}
}
