
strategic_region={
	id=17
	name="STRATEGICREGION_17"
	provinces={
		127 217 245 308 470 564 848 887 1138 1234 1254 1459 1560 1565 1628 1984 2214 2255 2349 2512 2554 2587 2724 2769 2941 3120 3225 3230 3618 3635 3666 3668 4004 4217 4308 4418 4430 4580 4606 4684 4703 4821 4860 4864 4919 4974 5223 5262 5289 5301 5319 5431 5443 5449 5493 5729 5765 5795 5859 5915 5965 6080 6115 6263 8385 8436 8444 8470 8484 8492 8528 8529 8572 8595 8629 8647 8683 8686 8707 8736 8762 8791 8811 8850 8870 8884 8888 8903 8919 8941 8942 8955 8956 8987 8988 9003 9004 9024 9038 9055 9056 9057 9096 9105 9145 9151 9152 9156 9167 9182 9183 9209 9210 9213 9214 9226 9234 9254 9258 9259 9260 9298 9305 9311 9320 9326 9336 9353 9381 9394 9402 9414 9435 9440 9444 9479 9496 9516 9567 
	}
	weather={
	}
}
