
strategic_region={
	id=171
	name="STRATEGICREGION_171"
	provinces={
		11307 11380 11455 11461 11552 11613 11640 11674 11682 11761 11791 11830 11839 11949 11994 12076 12191 12205 12222 12239 12359 12429 12438 12465 12541 12702 12720 12808 13022 13071 13082 13144 13153 13178 13182 13209 13461 13481 13518 13520 13624 13632 13656 13731 13757 13767 13836 13900 14074 14368 14409 14440 14546 14836 14867 14987 15261 15277 15296 15301 15306 15497 15714 15855 15858 15870 15883 15905 15920 15930 15956 15972 15980 16007 16015 
	}
	weather={
	}
}
