
strategic_region={
	id=174
	name="STRATEGICREGION_174"
	provinces={
		11251 11361 11386 11389 11430 11443 11458 11519 11565 11578 11637 11687 11869 11921 12087 12091 12107 12198 12281 12357 12440 12501 12503 12542 12599 12606 12764 12839 12850 12864 12866 12945 12978 12984 12997 13061 13117 13199 13317 13411 13465 13826 13837 13918 14088 14139 14311 14312 14390 14401 14493 14535 14688 14755 14873 14931 14950 15115 15129 15130 15434 16449 16456 16462 16472 16530 16556 16561 16581 
	}
	weather={
	}
}
