
strategic_region={
	id=177
	name="STRATEGICREGION_177"
	provinces={
		46 64 130 165 172 184 197 201 219 248 253 256 364 385 389 398 447 458 474 487 490 533 570 619 641 644 684 707 801 832 841 851 951 978 1012 1034 1068 1070 1090 1135 1161 1168 1179 1184 1188 1191 1242 1249 1251 1285 1317 1333 1336 1345 1367 1375 1390 1416 1418 1506 1557 1589 1596 1602 1624 1628 1641 1652 1664 1702 1704 1732 1808 1839 1850 1854 1878 1917 1978 1984 1996 2065 2128 2131 2155 2161 2168 2171 2180 2226 2227 2263 2273 2288 2293 2297 2303 2309 2334 2336 2348 2356 2358 2367 2418 2435 2455 2460 2501 2520 2524 2552 2584 2654 2719 2727 2799 2823 2852 2869 2870 2894 2905 2920 2929 2976 2985 2987 2991 3030 3040 3042 3090 3134 3139 3150 3155 3279 3309 3330 3335 3354 3402 3439 3443 3457 3466 3471 3480 3490 3528 3533 3598 3610 3652 3659 3669 3727 3743 3744 3754 3851 3853 3859 3897 3909 3934 3939 3976 4034 4074 4082 4088 4132 4162 4172 4200 4205 4225 4229 4253 4284 4291 4306 4307 4312 4322 4344 4382 4461 4482 4502 4506 4510 4551 4590 4609 4635 4637 4645 4653 4654 4660 4711 4727 4741 4746 4819 4820 4843 4845 4885 4900 4906 4932 5015 5053 5084 5099 5113 5145 5152 5158 5174 5201 5209 5220 5249 5253 5278 5282 5293 5325 5334 5363 5401 5405 5412 5423 5450 5457 5513 5526 5542 5549 5553 5580 5592 5605 5614 5629 5642 5674 5681 5731 5735 5737 5752 5770 5806 5815 5823 5847 5852 5864 5873 5893 5927 5942 5943 5985 6006 6028 6035 6064 6076 6143 6176 6204 6217 6291 6323 6336 6346 6385 6392 6419 6479 6482 6499 6505 6516 6544 6556 6562 6634 6669 6712 6739 6777 6780 6815 6848 6858 6869 6895 6910 6981 6988 7019 7028 7105 7111 7114 7116 7125 7144 7145 7188 7192 7199 7206 7232 7254 7281 7291 7293 7316 7380 7399 7401 7405 7416 7417 7426 7438 7453 7465 7475 7491 7523 7660 7661 7662 7679 7699 7713 7729 7756 7777 7788 7808 7877 7891 7908 7910 7924 7925 7927 7937 7944 7975 7999 8039 8065 8078 8083 8086 8090 8092 8095 8165 8172 8180 8204 8215 8244 8266 8275 8328 8331 8384 8410 8423 10280 10285 10292 10302 10309 10315 10329 10331 10338 10342 10347 10356 10358 10359 10362 10366 10369 10370 10373 10399 10401 10406 10410 10411 10419 10420 10424 10431 10438 10439 10443 10446 10449 10452 10455 10456 10459 10462 10469 10472 10474 10476 10483 10491 10493 10508 10509 10513 10518 10526 10531 10535 10542 10544 10545 10546 10547 10549 10555 10559 10564 10565 10573 10575 10580 10581 10584 10585 10588 10592 10603 10606 10607 10611 10621 10623 10624 10627 10631 10635 10643 10647 10653 10654 10661 10667 10669 10676 10677 10679 10686 10691 10692 10699 10704 10708 10711 10712 10715 10716 10727 10731 10732 10737 10744 10745 10754 10760 10769 10784 10785 10797 10808 10811 10818 10821 10830 10831 10835 10838 10844 10848 10851 10853 10855 10870 10871 10872 10877 10879 10880 10885 10886 10889 10896 10897 10901 10902 10903 10906 10909 10917 10921 10929 10935 10938 10946 10949 10950 10961 10969 10976 10979 10980 10990 11010 11012 11020 11040 11045 11076 11105 11106 11115 11126 11130 11170 11188 11198 11201 11205 11208 11226 11228 11233 11272 11278 11282 11287 11292 11293 11301 11304 11316 11321 11329 11359 11363 11687 11689 11690 11692 11694 11696 11703 11705 11709 11710 11728 11731 11732 11736 11738 11743 11747 11748 11750 11751 11752 11755 11756 11757 11758 11760 11762 11763 11765 11768 11769 11774 11776 11778 11783 11784 11785 11786 11788 11789 11794 11795 11797 11798 11803 11805 11807 11809 11811 11815 11820 11822 11827 11829 11830 11832 11834 11836 11837 11839 11840 11848 11851 11853 11855 11856 11863 11864 11866 11868 11870 11872 11878 11879 11880 11882 11884 11887 11890 11891 11893 11894 11895 11901 11903 11904 11910 11911 11912 11913 11919 11920 11921 11924 11927 11928 11930 11931 11934 11941 11943 11945 11948 11953 11954 11955 11959 11961 11964 11965 11969 11970 11973 11975 11978 11979 11991 11995 11997 11999 12001 12002 12003 12004 12008 12009 12013 12017 12024 12025 12027 12028 12035 12038 12039 12043 12045 12046 12051 12053 12057 12059 12069 12074 12076 12079 12087 12089 12091 12093 12096 12098 12099 12104 12105 12108 12112 12115 12116 12118 12119 12121 12122 12123 12125 12127 12130 12133 12136 12139 12140 12144 12152 12155 12158 12159 12163 12167 12169 12172 12174 12175 12176 12180 12181 12190 12191 12195 12197 12202 12209 12210 12215 12217 12218 12219 12220 12226 12227 12232 12233 12234 12237 12238 12241 12243 12245 12246 12247 12254 12257 12258 12259 12261 12262 12270 12272 12282 12283 12284 12285 12287 12289 12291 12297 12306 12307 12309 12322 12325 12331 12335 12336 12341 12345 12352 12353 12356 12357 12358 12359 12361 12362 12371 12375 12378 12381 12382 12383 12385 12386 12392 12393 12394 12395 12398 12404 12405 12411 12412 12414 12417 12420 12421 12423 12431 12434 12437 12443 12444 12445 12446 12454 12457 12460 12462 12463 12465 12470 12473 12480 12482 12483 12487 12491 12493 12495 12496 12498 12499 12503 12505 12512 12515 
	}
	weather={
		period={
			between={ 0.0 30.0 }
			temperature={ -6.0 12.0 }
			no_phenomenon=0.500
			rain_light=1.000
			rain_heavy=0.150
			snow=0.200
			blizzard=0.000
			arctic_water=0.000
			mud=0.300
			sandstorm=0.000
			min_snow_level=0.000
		}
		period={
			between={ 0.1 27.1 }
			temperature={ -7.0 12.0 }
			no_phenomenon=0.500
			rain_light=1.000
			rain_heavy=0.150
			snow=0.200
			blizzard=0.050
			arctic_water=0.000
			mud=0.300
			sandstorm=0.000
			min_snow_level=0.000
		}
		period={
			between={ 0.2 30.2 }
			temperature={ -2.0 15.0 }
			no_phenomenon=0.500
			rain_light=1.000
			rain_heavy=0.150
			snow=0.150
			blizzard=0.000
			arctic_water=0.000
			mud=0.300
			sandstorm=0.000
			min_snow_level=0.000
		}
		period={
			between={ 0.3 29.3 }
			temperature={ 1.0 16.0 }
			no_phenomenon=0.500
			rain_light=1.000
			rain_heavy=0.150
			snow=0.000
			blizzard=0.000
			arctic_water=0.000
			mud=0.300
			sandstorm=0.000
			min_snow_level=0.000
		}
		period={
			between={ 0.4 30.4 }
			temperature={ 4.0 19.0 }
			no_phenomenon=0.500
			rain_light=1.000
			rain_heavy=0.150
			snow=0.000
			blizzard=0.000
			arctic_water=0.000
			mud=0.300
			sandstorm=0.000
			min_snow_level=0.000
		}
		period={
			between={ 0.5 29.5 }
			temperature={ 8.0 22.0 }
			no_phenomenon=0.500
			rain_light=1.000
			rain_heavy=0.150
			snow=0.000
			blizzard=0.000
			arctic_water=0.000
			mud=0.300
			sandstorm=0.000
			min_snow_level=0.000
		}
		period={
			between={ 0.6 30.6 }
			temperature={ 9.0 24.0 }
			no_phenomenon=0.500
			rain_light=1.000
			rain_heavy=0.150
			snow=0.000
			blizzard=0.000
			arctic_water=0.000
			mud=0.300
			sandstorm=0.000
			min_snow_level=0.000
		}
	
	}
}
