
strategic_region={
	id=180
	name="STRATEGICREGION_180"
	provinces={
		11254 11265 11276 11284 11294 11329 11330 11395 11514 11569 11652 11673 11775 11891 11938 11957 11966 11969 11974 11983 11988 12059 12073 12117 12147 12167 12188 12230 12291 12341 12385 12390 12404 12439 12479 12488 12520 12521 12619 12703 12725 12796 12823 12840 12885 12982 12989 13121 13176 13191 13365 13647 13675 13689 13726 13843 13981 14030 14053 14119 14238 14266 14295 14331 14443 14757 14886 15015 15024 15103 15381 15392 15417 15492 15723 15724 15734 15802 15815 15829 15830 15860 15866 15877 15878 15884 
	}
	weather={
	}
}
