
strategic_region={
	id=182
	name="STRATEGICREGION_182"
	provinces={
		11301 11321 11485 11508 11546 11655 11659 11736 11744 11785 11867 11916 11964 12053 12057 12063 12099 12110 12134 12278 12317 12353 12355 12378 12406 12472 12531 12536 12544 12591 12611 12630 12663 12665 12687 12790 12799 12895 13014 13166 13195 13327 13331 13517 13638 13664 13732 13813 13901 13978 13986 13995 14032 14061 14067 14116 14175 14314 14348 14496 14525 14526 14539 14574 14587 14683 14965 15092 15097 15114 15295 15448 15568 15655 15670 16070 16089 16091 16132 16146 16185 16232 16273 
	}
	weather={
	}
}
