
strategic_region={
	id=183
	name="STRATEGICREGION_183"
	provinces={
		11283 11347 11469 11476 11541 11719 11745 11746 11757 11766 11783 11805 11820 11829 11853 11854 11937 11940 11941 11959 12005 12115 12130 12142 12145 12162 12206 12213 12235 12266 12319 12329 12330 12331 12332 12477 12506 12550 12559 12581 12620 12624 12656 12672 12679 12697 12745 12752 12754 12780 12859 12923 12959 12995 13001 13033 13177 13206 13207 13219 13270 13292 13332 13409 13522 13538 13543 13590 13595 13627 13728 13751 13795 13819 13880 13886 13939 14027 14035 14081 14137 14209 14222 14337 14436 14463 14470 14705 14709 14884 14942 14963 15012 15049 15216 15365 15462 15517 15541 15560 15684 15687 15711 16316 16334 16348 16351 16413 16430 16482 16489 16491 16497 16517 16537 
	}
	weather={
	}
}
