
strategic_region={
	id=184
	name="STRATEGICREGION_184"
	provinces={
		11275 11308 11324 11348 11407 11410 11414 11416 11432 11468 11523 11528 11539 11540 11548 11555 11625 11683 11720 11737 11826 11874 11911 11939 11996 12011 12047 12052 12066 12074 12094 12311 12469 12677 12688 12860 12888 12894 12992 13003 13008 13057 13063 13100 13102 13234 13237 13243 13299 13321 13415 13423 13559 13600 13622 13909 14052 14117 14197 14299 14385 14397 14449 14467 14494 14508 14518 14527 14531 14782 14843 15231 15378 15382 15428 15445 15475 15555 16605 16607 16613 16621 16633 16644 16647 16662 16674 16691 16705 16706 16717 16719 16729 
	}
	weather={
	}
}
