
strategic_region={
	id=187
	name="STRATEGICREGION_187"
	provinces={
		11313 11334 11374 11457 11486 11491 11506 11515 11606 11638 11669 11681 11713 11844 11848 11920 11936 11944 11987 11992 12014 12032 12067 12100 12226 12270 12306 12310 12328 12401 12480 12512 12579 12631 12655 12714 12723 12816 12838 12845 12882 12889 12898 12910 12916 12929 12947 12981 12986 13004 13012 13018 13095 13129 13280 13289 13372 13426 13453 13535 13556 13591 13605 13625 13634 13849 13925 13979 14065 14071 14148 14333 14367 14483 14576 14611 14613 14666 14692 14708 14729 14816 14832 15002 15034 15136 15172 15248 15347 15383 15502 15513 15572 15705 16604 16612 16622 16637 16650 16695 16699 16710 16723 
	}
	weather={
	}
}
