
strategic_region={
	id=188
	name="STRATEGICREGION_188"
	provinces={
		11270 11280 11327 11333 11371 11420 11428 11501 11648 11760 11784 11786 11801 11822 11824 11862 11866 11895 12012 12050 12083 12131 12164 12244 12267 12284 12286 12315 12368 12372 12427 12447 12460 12494 12558 12561 12583 12647 12685 12708 12761 12797 12852 12943 13027 13066 13079 13081 13130 13202 13244 13319 13354 13360 13378 13511 13564 13568 13800 13809 13857 13869 13894 13969 13990 14033 14044 14086 14130 14193 14352 14356 14361 14365 14689 14775 14788 14845 15166 15304 15394 15491 15581 15657 16370 16411 16423 16426 16435 16438 16451 16465 16493 16496 16522 16587 
	}
	weather={
	}
}
