
strategic_region={
	id=189
	name="STRATEGICREGION_189"
	provinces={
		11425 11472 11484 11504 11563 11686 11802 11819 11860 11868 11931 11932 11956 11976 12016 12018 12143 12165 12249 12379 12423 12458 12545 12590 12671 12748 12801 12900 12941 12952 12965 13019 13023 13143 13190 13197 13309 13389 13399 13597 13650 13660 13721 13725 13792 13884 13885 13938 14107 14112 14206 14668 14731 14831 14925 14946 14989 15042 15191 15269 15292 15342 15456 15484 15589 15617 15730 15731 15732 15738 15741 15755 15760 15761 15775 15793 15795 15799 15801 15838 15840 
	}
	weather={
	}
}
