
strategic_region={
	id=19
	name="STRATEGICREGION_19"
	provinces={
		302 342 494 760 802 908 1356 1528 1607 1712 1721 1745 1908 1953 1970 2132 2209 2244 2256 2369 2404 2451 2614 2618 2684 2728 2829 2949 3010 3113 3175 3180 3312 3386 3409 3450 3593 3625 3630 3702 3935 3970 4014 4054 4181 4186 4201 4356 4448 4476 4555 4562 4575 4794 4899 4904 5021 5082 5134 5152 5154 5253 5291 5309 5349 5416 5435 5496 5508 5716 5761 5838 5867 5924 6062 6140 6162 6207 6245 6255 6276 6299 6379 6391 9343 9382 9407 9408 9416 9418 9445 9446 9464 9465 9504 9509 9522 9523 9525 9547 9556 9570 9571 9583 9589 9598 9611 9614 9618 9648 9649 9664 9676 9681 9699 9700 9712 9713 9725 9726 9739 9748 9749 9774 9784 9791 9834 9841 9850 9851 9858 9867 9874 9889 9910 9911 9923 9946 9964 9965 9966 10012 10013 10018 10019 10020 10047 10053 10055 10062 10077 10098 10114 10145 10146 10160 10173 10188 10189 10209 10214 10229 10245 10323 
	}
	weather={
	}
}
