
strategic_region={
	id=190
	name="STRATEGICREGION_190"
	provinces={
		11256 11319 11427 11450 11543 11559 11575 11647 11678 11709 11755 11849 11881 11925 11929 11979 12020 12090 12136 12209 12366 12420 12467 12482 12513 12529 12586 12597 12626 12642 12644 12802 12872 12990 13021 13096 13104 13115 13414 13452 13500 13717 13804 13845 13931 13945 13980 14010 14034 14249 14278 14301 14305 14473 14703 14913 15026 15121 15263 15351 15485 15583 15689 15722 15733 15745 15762 15774 15781 15794 15806 15808 
	}
	weather={
	}
}
