
strategic_region={
	id=191
	name="STRATEGICREGION_191"
	provinces={
		11261 11345 11445 11531 11534 11535 11537 11619 11700 11789 11831 11852 11858 11864 11870 11901 11933 12042 12108 12275 12392 12409 12433 12437 12493 12495 12530 12548 12564 12609 12638 12704 12706 12726 12736 12979 12994 12998 13017 13031 13046 13231 13313 13387 13406 13458 13475 13573 13636 13687 13697 13889 13919 13968 13976 14094 14145 14151 14201 14226 14236 14239 14256 14374 14454 14521 14563 14653 14711 14737 14804 14806 14944 15040 15076 15123 15131 15260 15309 15329 15332 15340 15409 15601 16611 16620 16626 16636 16639 16668 16680 16693 16711 16712 16715 16721 16722 16730 
	}
	weather={
	}
}
