
strategic_region={
	id=193
	name="STRATEGICREGION_193"
	provinces={
		11311 11363 11423 11557 11588 11617 11666 11685 11689 11707 11773 11797 11811 11865 11875 11942 11960 12044 12068 12105 12123 12172 12225 12302 12350 12351 12415 12515 12522 12526 12566 12610 12654 12682 12693 12701 12767 12804 12870 12875 12877 12883 12886 12897 12967 13164 13239 13274 13275 13311 13341 13356 13364 13424 13489 13541 13593 13646 13723 13745 13844 13891 13895 14013 14062 14131 14132 14142 14162 14230 14265 14379 14489 14520 14560 14582 14590 14602 14616 14634 14644 14648 14678 14773 14785 14795 14842 14906 14984 15041 15074 15138 15175 15195 15289 15327 15397 15486 15531 15592 15618 15679 16365 16377 16399 16434 16483 16487 16506 16545 16564 16567 16569 16572 16593 16597 16598 16603 
	}
	weather={
	}
}
