
strategic_region={
	id=200
	name="STRATEGICREGION_200"
	provinces={
		11288 11304 11310 11360 11381 11475 11480 11510 11517 11547 11554 11572 11587 11604 11631 11668 11693 11714 11741 11780 11863 11943 12071 12101 12158 12202 12233 12265 12320 12474 12476 12484 12502 12523 12607 12707 12711 12728 12769 12771 12774 12893 12908 12913 12999 13054 13116 13220 13226 13459 13493 13699 13753 13793 13796 13914 13916 13946 14063 14109 14194 14330 14340 14447 14557 14570 14588 14642 14750 14764 14834 14928 15107 15174 15237 15281 15401 15407 15550 15607 16331 16372 16403 16452 16467 16469 16475 16527 
	}
	weather={
	}
}
