
strategic_region={
	id=201
	name="STRATEGICREGION_201"
	provinces={
		11257 11277 11317 11343 11401 11426 11500 11692 11710 11712 11752 11767 11771 11787 11793 11832 11845 11872 11946 11967 11991 12015 12075 12133 12181 12224 12228 12276 12279 12282 12295 12382 12446 12453 12507 12516 12537 12543 12661 12678 12743 12825 12855 13048 13087 13092 13134 13174 13350 13395 13787 13818 13923 13943 13956 14024 14141 14164 14250 14291 14297 14302 14343 14399 14490 14632 14890 14911 14958 15004 15007 15060 15127 15604 16340 16359 16397 16424 16459 16466 16476 16512 16515 16532 16542 16562 16594 
	}
	weather={
	}
}
