
strategic_region={
	id=202
	name="STRATEGICREGION_202"
	provinces={
		11295 11335 11436 11453 11482 11496 11581 11585 11608 11628 11672 11717 11778 11782 11883 12031 12070 12139 12155 12187 12237 12283 12352 12369 12445 12451 12496 12528 12634 12669 12768 12876 12936 13002 13068 13089 13103 13160 13221 13530 13544 13599 13640 13672 13695 13724 13759 13783 14016 14098 14183 14232 14366 14406 14442 14972 15116 15133 15176 15336 15343 15391 15440 15470 15504 15587 16305 16349 16354 16396 16409 16440 16479 16486 16523 16529 16555 16583 
	}
	weather={
	}
}
