
strategic_region={
	id=202
	name="STRATEGICREGION_202"
	provinces={
		487 487 533 533 1336 1336 1596 1596 3471 3471 3490 3490 3659 3659 3727 3727 3976 3976 4900 4900 5282 5282 5513 5513 6064 6064 6323 6323 6895 6895 7232 7232 7426 7426 7808 7808 7908 7908 8095 8095 10302 10302 10315 10315 10329 10329 10338 10338 10342 10342 10347 10347 10358 10358 10366 10366 10406 10406 10419 10419 10438 10438 10455 10455 11687 11687 11689 11689 11690 11690 11692 11692 11694 11694 11696 11696 11703 11703 11705 11705 11709 11709 11710 11710 11760 11829 11836 11848 11879 12112 12282 12358 12411 12487 12495 
	}
	weather={
	}
}
