
strategic_region={
	id=204
	name="STRATEGICREGION_204"
	provinces={
		11259 11338 11433 11440 11452 11493 11521 11568 11571 11679 11703 11812 11971 11986 12025 12033 12054 12056 12106 12149 12161 12254 12269 12274 12299 12557 12592 12716 12781 12800 12846 12856 12950 13145 13151 13173 13213 13215 13242 13250 13258 13272 13339 13492 13621 13708 13755 13833 13899 13936 14006 14048 14144 14146 14235 14434 14556 14558 14631 14783 14813 14857 14983 15196 15207 15398 15438 15459 15500 15532 15566 15640 15673 16017 16047 16059 16061 16080 16086 16147 16174 16182 16203 16205 
	}
	weather={
	}
}
