
strategic_region={
	id=21
	name="STRATEGICREGION_21"
	provinces={
		46 60 65 70 166 256 270 310 398 427 441 504 521 571 607 812 890 901 922 951 1005 1047 1056 1060 1118 1134 1137 1213 1238 1242 1279 1293 1411 1440 1493 1555 1647 1719 1752 1963 2038 2118 2173 2289 2309 2352 2370 2407 2410 2463 2501 2510 2561 2582 2595 2657 2819 2826 3093 3099 3112 3165 3202 3209 3273 3325 3341 3427 3468 3497 3605 3639 3730 3761 3764 3842 3919 3924 3929 4048 4137 4173 4222 4235 4239 4243 4248 4285 4352 4376 4377 4391 4427 4438 4464 4466 4489 4551 4557 4601 4615 4653 4655 4750 4790 4859 4862 4877 4895 4945 4973 4988 4989 5099 5166 5208 5218 5230 5252 5288 5348 5366 5492 5552 5555 5737 5790 5812 5865 5899 5980 6166 6236 6325 6341 10497 10513 10528 10529 10531 10532 10533 10534 10535 10537 10552 10564 10573 10576 10577 10578 10579 10582 10590 10591 10605 10607 10609 10611 10622 10627 10630 10633 10634 10637 10639 10640 10641 10642 10647 10651 10662 10665 10670 10672 10679 10684 10686 10693 10695 10698 10701 10705 10707 10713 10716 10717 10720 10731 10738 10740 10749 10750 10754 10757 10758 10763 10768 10769 10774 10779 10782 10787 10791 10792 10794 10796 10797 10800 10802 10818 10826 10831 10835 10837 10863 10882 10903 10926 
	}
	weather={
	}
}
