
strategic_region={
	id=22
	name="STRATEGICREGION_22"
	provinces={
		1 119 214 257 273 374 387 414 438 444 464 520 557 650 663 859 964 974 1024 1085 1120 1127 1135 1204 1207 1520 1539 1549 1552 1593 1706 1733 1755 1866 1913 1985 2022 2057 2149 2164 2191 2220 2339 2453 2511 2633 2711 2721 2773 2809 2860 3044 3071 3131 3184 3327 3433 3597 3614 3713 3763 3815 3829 3878 3989 3996 4072 4179 4246 4395 4412 4536 4710 4786 4887 4908 5033 5201 5275 5307 5345 5560 5598 5884 10811 10814 10848 10852 10855 10859 10867 10869 10890 10914 10916 10933 10940 10941 10948 10949 10951 10955 10958 10965 10967 10969 10977 10979 10983 11008 11043 
	}
	weather={
	}
}
