
strategic_region={
	id=27
	name="STRATEGICREGION_27"
	provinces={
		201 367 369 371 385 409 411 491 498 503 541 724 741 946 990 1022 1126 1182 1292 1321 1443 1446 1476 1515 1556 1559 1561 1584 1839 1841 1986 2006 2026 2228 2248 2275 2281 2402 2545 2646 2649 2680 2686 2756 2815 2842 3014 3056 3126 3143 3215 3256 3268 3283 3331 3390 3529 3596 3652 3795 3848 3869 3882 3975 3988 4000 4052 4058 4177 4270 4334 4357 4482 4569 4625 4645 4679 4735 4928 5153 5163 5178 5221 5302 5311 5528 5633 5777 5829 5873 6064 6139 6192 6204 6291 6351 6398 10592 10608 10617 10618 10620 10625 10632 10635 10638 10644 10655 10656 10657 10661 10671 10676 10678 10681 10691 10692 10703 10722 10723 10725 10730 10745 10752 10755 10760 10764 10775 10778 10786 10798 10801 10806 10820 10821 10832 10833 10839 10843 10853 10865 10868 10875 10884 10886 10887 10895 10899 10902 10905 10906 10917 10923 10924 10953 10971 10973 10992 
	}
	weather={
	}
}
