
strategic_region={
	id=29
	name="STRATEGICREGION_29"
	provinces={
		23 66 125 168 382 422 424 425 430 446 472 510 535 631 722 940 954 959 993 1048 1073 1311 1357 1434 1502 1608 1614 1667 1788 1810 1831 1873 1952 1969 2015 2023 2072 2084 2088 2136 2163 2269 2340 2580 2593 2626 2747 2765 2825 2855 2865 2880 3072 3076 3119 3148 3155 3212 3260 3265 3290 3296 3297 3370 3380 3444 3462 3499 3526 3535 3542 3553 3567 3654 3707 3721 3737 3749 3830 3846 3926 3969 3998 4010 4086 4091 4100 4150 4250 4259 4263 4269 4276 4300 4339 4396 4456 4480 4492 4499 4541 4591 4674 4728 4738 4797 4812 4815 4906 4968 5090 5117 5132 5226 5266 5323 5368 5423 5429 5460 5483 5523 5526 5527 5660 5683 5738 5742 5850 5882 5934 5953 5956 5974 5975 6057 6066 6130 6169 6199 6220 6273 6301 6319 6350 6395 8043 8077 8081 8092 8138 8145 8159 8168 8176 8177 8178 8202 8221 8222 8233 8256 8271 8272 8291 8299 8306 8313 8328 8329 8330 8331 8336 8341 8351 8354 8364 8377 8378 8379 8380 8381 8386 8387 8388 8392 8403 8411 8412 8413 8418 8427 8437 8438 8439 8440 8445 8446 8447 8451 8452 8453 8455 8460 8471 8472 8482 8485 8486 8493 8494 8497 8501 8511 8515 8519 8530 8531 8532 8533 8534 8538 8539 8540 8546 8547 8551 8555 8556 8557 8558 8560 8567 8570 8575 8576 8577 8584 8585 8586 8587 8596 8597 8600 8603 8606 8608 8611 8618 8619 8622 8630 8637 8643 8653 8661 8662 8663 8668 8678 8679 8682 8687 8708 8714 8721 8722 8729 8738 8747 8768 8778 8784 8792 8796 8802 8817 8824 8825 8832 8833 8834 8852 8864 8865 8871 8876 8885 8896 8897 8912 8915 8921 8922 8927 8928 8932 8944 8965 8969 8973 9019 9034 9081 9083 
	}
	weather={
	}
}
