
strategic_region={
	id=31
	name="STRATEGICREGION_31"
	provinces={
		58 86 479 576 679 766 1028 1090 1167 1269 1315 1339 1369 1540 1642 1796 1833 1862 1870 2080 2151 2253 2265 2650 2667 2920 2964 3111 3201 3284 3305 3387 3394 3562 3612 4020 4084 4119 4242 4296 4435 4441 4469 4546 4673 4688 4696 4708 4781 4978 5040 5042 5068 5093 5110 5279 5385 5391 5417 5444 5448 5455 5459 5490 5530 5595 5647 5695 5732 5862 5878 5967 5993 6027 6165 6317 6328 6329 6335 6393 9658 9690 9720 9754 9794 9795 9835 9859 9903 9940 9952 9956 9957 9967 9976 9991 10006 10027 10039 10056 10057 10063 10115 10124 10147 10151 10161 10162 10170 10178 10190 10193 10199 10200 10201 10203 10205 10215 10222 10230 10232 10236 10239 10246 10256 10260 10261 10262 10280 10282 10295 10297 10298 10307 10311 10314 10319 10331 10332 10338 10352 10353 10354 10359 10360 10362 10378 10383 10389 10393 10395 10407 10415 10416 10419 10426 10430 10433 10443 10457 10464 10466 10474 10499 10500 10511 10516 10517 10527 10548 10583 
	}
	weather={
	}
}
