
strategic_region={
	id=32
	name="STRATEGICREGION_32"
	provinces={
		227 351 636 704 1007 1061 1164 1296 1337 1500 1689 1742 1888 1910 2462 2795 2803 3190 3472 3485 3555 3557 3658 3665 3744 3834 3835 3986 4085 4224 4241 4310 4331 4375 4431 4475 4565 4620 4833 5193 5306 5439 5482 5509 5638 5646 5713 5766 5928 6055 6110 6131 6226 6396 9485 9493 9518 9526 9548 9578 9642 9650 9672 9706 9731 9741 9763 9792 9796 9817 9821 9852 9875 9890 9927 9977 9992 10000 10007 10031 10032 10040 10066 10078 10116 10136 10140 10183 10184 10196 10220 10231 10247 10249 10265 10283 10286 10315 10324 
	}
	weather={
	}
}
