
strategic_region={
	id=4
	name="STRATEGICREGION_4"
	provinces={
		26 102 114 152 455 526 578 588 709 879 1015 1092 1199 1424 1519 1707 1827 1887 1921 2106 2128 2200 2334 2422 2424 2436 2473 2529 2953 3070 3084 3146 3164 3227 3383 3429 3453 3454 3563 3718 3740 3742 3862 3968 4067 4068 4314 4421 4568 4628 4650 4731 4799 4847 4927 5048 5135 5169 5313 5445 5470 5506 5525 5543 5545 5577 5607 5611 5630 5645 5694 5703 5796 5834 5856 5927 5930 5983 6046 6106 6112 6206 6232 8583 8627 8628 8641 8642 8667 8673 8706 8720 8744 8776 8786 8787 8809 8810 8823 8831 8845 8846 8868 8869 8875 8907 8911 8930 8931 8963 8964 8979 9002 9009 9012 9017 9036 9037 9045 9046 9053 9054 9075 9080 9094 9095 9100 9121 9131 9135 9166 9179 9180 9181 9191 9203 9204 9205 9233 9239 9240 9272 9280 9304 9342 9351 9352 9356 9380 9401 9423 9428 9429 9463 9490 9501 9531 9534 9603 9641 9647 9669 9670 9671 9719 9723 9771 9772 9808 9820 9826 9857 9900 9914 9938 9989 10011 
	}
	weather={
	}
}
