
strategic_region={
	id=40
	name="STRATEGICREGION_40"
	provinces={
		229 289 340 388 443 492 833 868 900 957 1110 1191 1233 1249 1250 1264 1306 1335 1346 1393 1452 1468 1484 1522 1597 1641 1644 1645 1670 1730 1820 1850 1980 2083 2108 2184 2277 2331 2476 2536 2552 2571 2612 2617 2828 2840 2846 2856 2955 3027 3194 3210 3245 3276 3366 3405 3421 3532 3534 3537 3687 3705 3773 3800 3849 3870 3954 3967 3974 4097 4135 4193 4278 4362 4373 4434 4440 4574 4597 4624 4656 4662 4695 4722 4724 4886 5028 5046 5056 5113 5124 5129 5138 5200 5211 5247 5304 5375 5383 5393 5461 5576 5614 5634 5636 5640 5693 5760 5810 5813 5897 5951 5989 6092 6100 6148 6149 6188 6224 6227 6270 6368 9449 9454 9460 9469 9475 9506 9510 9511 9514 9524 9575 9576 9591 9634 9635 9643 9653 9701 9709 9751 9757 9758 9759 9818 9822 9860 9877 9925 9934 9942 9948 9969 9979 9994 9995 10014 10015 10021 10028 10054 10059 10071 10079 10080 10087 10100 10104 10117 10120 10141 10152 10157 10179 10192 10195 10210 10218 10221 10224 10240 10248 10251 10253 10272 10276 10284 10288 10291 10312 10320 10327 10335 10355 10364 10365 10376 10381 10397 10417 10422 10438 10444 10449 10460 10461 10462 10465 10467 10475 10514 10515 10519 10530 10539 10542 10543 10549 10554 10556 10568 10570 10571 10585 10606 
	}
	weather={
	}
}
