
strategic_region={
	id=46
	name="STRATEGICREGION_46"
	provinces={
		24 648 752 920 1201 1275 1290 1341 1362 1506 1611 1769 2018 2094 2130 2182 2196 2208 2286 2577 2755 2808 2858 2957 3053 3135 3183 3196 3239 3264 3355 3384 3509 3573 3820 3850 3854 3877 3884 3889 4034 4065 4082 4208 4221 4271 4319 4576 4578 4664 4668 4711 4747 4767 4942 5112 5346 5602 5688 5754 5780 5798 5807 5809 5984 6043 6086 6103 6282 6304 7566 7602 7693 7700 7711 7726 7749 7750 7755 7784 7790 7807 7808 7817 7818 7830 7845 7851 7866 7872 7880 7891 7908 7916 7922 7932 7933 7939 7947 7956 7972 7975 7976 7977 7978 7984 7991 8001 8039 8078 8085 8086 8095 8117 8118 8123 8124 8134 8135 8142 8143 8171 8172 8173 8182 8188 8198 8206 8207 8216 8225 8235 8242 8243 8249 8258 8259 8269 8275 8296 8297 8316 8317 8326 8333 8334 8346 8349 8358 8389 8405 8417 
	}
	weather={
	}
}
