
strategic_region={
	id=52
	name="STRATEGICREGION_52"
	provinces={
		42 181 538 779 962 1297 1842 1909 2010 2198 2201 2282 2442 2986 3009 3025 3026 3193 3219 3350 3424 3449 3480 3650 3991 4029 4109 4116 4558 4563 4577 4584 4638 4882 4915 5043 5051 5065 5075 5078 5105 5111 5130 5158 5243 5387 5404 5406 5422 5451 5500 5588 5600 5610 5734 5800 5841 5854 5858 5898 5921 6262 6377 7550 7551 7580 7596 7606 7607 7638 7669 7674 7675 7684 7698 7718 7723 7729 7737 7746 7747 7775 7782 7814 7815 7816 7824 7842 7843 7850 7864 7870 7871 7875 7885 7895 7901 7907 7914 7927 7943 7946 7950 7951 7952 7970 7982 7998 7999 8000 8007 8025 8026 8027 8051 8061 8062 8063 8084 8090 8103 8116 8121 8162 8181 
	}
	weather={
	}
}
