
strategic_region={
	id=54
	name="STRATEGICREGION_54"
	provinces={
		61 235 341 461 601 755 832 979 1177 1255 1268 1509 1718 1759 2127 2202 2302 2306 2317 2494 2517 2602 2674 2687 2780 2790 2837 3008 3013 3115 3262 3292 3368 3506 3565 3710 3731 3821 3876 3960 3976 3992 4040 4107 4125 4147 4156 4386 4481 4493 4614 4660 4671 4727 4779 4783 4879 4990 5036 5102 5139 5145 5199 5224 5433 5457 5726 5763 5785 5860 5871 5931 6135 6138 6147 6223 6249 6266 6269 9513 9527 9528 9542 9543 9549 9558 9562 9574 9579 9584 9590 9604 9605 9612 9615 9622 9623 9628 9629 9651 9652 9665 9666 9677 9682 9683 9684 9685 9691 9695 9707 9708 9714 9715 9742 9743 9750 9755 9756 9764 9765 9766 9775 9776 9785 9797 9803 9804 9809 9810 9828 9836 9837 9842 9843 9844 9853 9868 9869 9876 9904 9905 9912 9916 9924 9928 9941 9947 9949 9953 9958 9959 9968 9993 10002 10003 10008 10033 10041 10048 10049 10058 10070 10081 10082 10092 10093 10107 10129 10133 10155 10156 11238 
	}
	weather={
	}
}
