
strategic_region={
	id=55
	name="STRATEGICREGION_55"
	provinces={
		55 358 375 376 554 560 614 790 842 877 902 1089 1219 1248 1354 1450 1568 1624 1679 1716 1739 1780 1999 2051 2077 2137 2140 2217 2242 2285 2292 2330 2356 2446 2470 2482 2488 2509 2526 2551 2558 2563 2583 2623 2658 2695 2810 2850 2901 2926 2961 2963 2970 2977 3054 3089 3096 3136 3152 3249 3326 3393 3545 3693 3754 3756 3779 3857 3944 3951 4018 4076 4195 4215 4261 4262 4287 4295 4303 4459 4498 4517 4592 4605 4623 4739 4784 4892 4964 4986 4998 5009 5014 5020 5073 5128 5162 5187 5213 5236 5239 5257 5277 5330 5374 5430 5477 5478 5501 5561 5583 5586 5618 5680 5704 5724 5744 5817 5828 5903 5914 6004 6013 6023 6133 6168 6182 6208 6333 8654 8730 8740 8748 8769 8770 8785 8789 8793 8803 8818 8819 8826 8827 8828 8835 8836 8837 8839 8848 8853 8858 8866 8867 8877 8878 8879 8890 8891 8892 8893 8898 8904 8908 8909 8910 8916 8917 8923 8933 8934 8945 8954 8957 8966 8970 8974 8982 8983 8984 8990 8995 8996 8997 9007 9020 9025 9026 9027 9028 9039 9040 9049 9058 9067 9068 9069 9078 9084 9088 9089 9090 9091 9092 9098 9103 9106 9108 9109 9110 9111 9114 9123 9124 9125 9134 9137 9138 9153 9154 9160 9161 9172 9173 9185 9186 9192 9197 9198 9217 9219 9220 9221 9236 9237 9246 9247 9262 9263 9268 9275 9276 9277 9283 9284 9285 9313 9318 9322 9323 9327 9328 9329 9332 9333 9338 9339 9340 9345 9359 9362 9363 9364 9365 9366 9387 9396 9403 9404 9410 9411 9419 9420 9424 9425 9426 9430 9431 9432 9447 9448 9457 9458 9459 9466 9467 9468 9474 9481 9482 9483 9486 9487 9488 9497 9505 9519 9557 
	}
	weather={
	}
}
