
strategic_region={
	id=57
	name="STRATEGICREGION_57"
	provinces={
		121 234 624 630 706 804 825 843 880 1091 1176 1244 1316 1333 1437 1451 1463 1530 1558 1662 1735 1907 1929 1940 1957 2098 2109 2276 2360 2364 2487 2503 2798 2806 2882 2887 2889 2976 3039 3047 3082 3147 3167 3306 3396 3445 3495 3626 3673 3720 3732 3736 3816 3824 3864 3918 3980 3982 4064 4069 4078 4134 4144 4204 4293 4350 4360 4511 4616 4626 4672 4744 4828 4842 5064 5086 5133 5181 5184 5234 5335 5396 5499 5532 5565 5601 5621 5677 5751 5815 5918 5938 5959 6109 6193 6251 6260 6336 6355 7485 7486 7500 7506 7515 7534 7544 7558 7559 7589 7590 7595 7612 7613 7624 7635 7649 7653 7658 7659 7660 7665 7692 7697 7701 7704 7705 7717 7728 7743 7744 7745 7757 7764 7769 7773 7774 7781 7796 7797 7813 7829 7841 7849 7874 7893 7894 7913 7926 7955 7964 7969 7974 7990 8003 8017 8018 8019 8023 8024 8032 8033 8046 8050 8060 8071 8075 8082 8083 8089 8093 8094 8108 8126 8127 8131 8140 8141 8147 8148 8153 8170 8180 8187 8196 8204 8205 8226 8268 8287 8288 8293 8309 8323 8324 8325 8360 8383 
	}
	weather={
	}
}
