
strategic_region={
	id=59
	name="STRATEGICREGION_59"
	provinces={
		68 285 330 394 808 814 911 1305 1395 1456 1517 1576 1747 1774 1844 1917 1939 2011 2126 2138 2165 2524 2725 3055 3079 3129 3221 3237 3319 3351 3451 3611 3759 3822 3875 4092 4212 4254 4294 4382 4420 4640 4651 4657 4669 4677 4699 4743 4888 4996 5039 5144 5188 5255 5394 5605 5674 5808 5909 5961 6177 6239 6298 6840 6856 6870 6872 6896 6898 6911 6919 6942 6949 6950 6974 6987 7001 7018 7030 7035 7041 7046 7073 7083 7110 7117 7123 7127 7131 7141 7145 7152 7162 7174 7188 7198 7213 7214 7216 7221 7239 7252 7268 7269 7278 7307 7391 7456 
	}
	weather={
	}
}
