
strategic_region={
	id=60
	name="STRATEGICREGION_60"
	provinces={
		28 67 136 218 320 407 642 656 671 864 907 927 1008 1018 1152 1276 1344 1529 1652 1673 1809 1932 2036 2147 2280 2332 2374 2448 2456 2603 2631 2844 3021 3102 3204 3302 3425 3434 3488 3685 3801 3839 3865 3872 3937 3987 4015 4158 4166 4223 4326 4400 4468 4513 4523 4607 4700 4742 4753 4771 4780 5269 5273 5389 5432 5540 5558 5594 5652 5667 5714 5779 5987 5998 5999 6063 6171 6231 6237 6267 6284 6339 6362 6388 7202 7247 7277 7290 7315 7330 7368 7397 7431 7436 7446 7468 7510 7519 7520 7521 7539 7562 7573 7585 7599 7628 7666 7673 7686 7703 7714 7715 7739 7777 7778 7786 7791 7800 7805 7832 7837 7855 7882 7887 7898 7904 7911 7925 7929 7940 7941 7958 7979 7995 8002 8009 8012 8031 8041 8047 8072 8073 8091 8111 8112 8120 8150 8151 8152 8157 8166 8175 8208 8211 8212 8219 8220 8252 8264 8277 8278 8286 8327 8363 
	}
	weather={
	}
}
