
strategic_region={
	id=61
	name="STRATEGICREGION_61"
	provinces={
		176 232 426 447 481 686 998 1068 1109 1158 1166 1585 1631 1823 1960 1981 2121 2160 2170 2195 2351 2550 2656 2699 2854 2974 3031 3041 3139 3173 3208 3360 3410 3461 3594 3642 3671 3675 3768 3794 3814 3861 4282 4355 4378 4433 4454 4531 4596 4689 4838 5044 5270 5334 5341 5554 5615 5639 5710 5869 5902 5992 6136 6174 6213 6214 6292 6371 6374 6392 7150 7153 7175 7181 7185 7199 7217 7240 7270 7281 7291 7297 7311 7312 7316 7328 7348 7355 7370 7373 7378 7379 7386 7398 7460 7483 7484 7492 7493 7494 7499 7511 7528 7533 7554 7555 7564 7578 7586 7587 7593 7600 7621 7637 7648 7667 7678 7679 7682 7687 7696 7707 7734 7735 7742 7753 7772 7793 7822 7833 7834 7839 7869 7878 7888 7897 7919 7981 7986 8021 8036 8088 8099 8130 8133 8144 8158 8186 8195 8213 8232 8253 
	}
	weather={
	}
}
