
strategic_region={
	id=63
	name="STRATEGICREGION_63"
	provinces={
		72 90 159 244 413 882 885 906 1013 1170 1178 1221 1343 1388 1397 1415 1431 1741 1767 1789 1976 2024 2096 2192 2288 2355 2391 2471 2771 2787 2833 2923 3095 3118 3222 3478 3494 3711 3727 3774 3873 3888 3922 4214 4370 4401 4487 4507 4521 4525 4567 4705 4751 4787 4949 5092 5338 5415 5662 5831 6278 6394 6604 6621 6624 6639 6647 6677 6711 6713 6731 6734 6750 6751 6761 6774 6806 6820 6824 6826 6839 6846 6847 6867 6874 6890 6924 6961 6997 7021 7028 7062 7071 7106 7140 7148 
	}
	weather={
	}
}
