
strategic_region={
	id=64
	name="STRATEGICREGION_64"
	provinces={
		178 186 365 462 597 793 862 913 1097 1142 1145 1377 1485 1677 1694 1738 1874 2079 2207 2241 2502 2560 2624 2788 2793 2898 2930 2966 3067 3140 3218 3220 3432 3489 3539 3600 3771 3899 3939 4005 4124 4394 4503 4559 4564 4630 4762 4822 4839 5324 5331 5360 5376 5627 5759 6061 6185 6190 6295 6690 6694 6714 6718 6736 6745 6757 6773 6775 6778 6779 6782 6787 6796 6797 6809 6814 6827 6831 6835 6836 6845 6848 6859 6868 6882 6887 6905 6913 6918 6921 6930 6941 6946 6948 6973 6985 6986 7022 7023 7029 7038 7066 7093 7122 
	}
	weather={
	}
}
