
strategic_region={
	id=67
	name="STRATEGICREGION_67"
	provinces={
		83 91 124 137 158 205 228 254 278 286 316 359 531 667 791 800 801 850 997 1096 1112 1121 1153 1157 1226 1261 1358 1365 1389 1396 1507 1562 1579 1665 1703 1889 1911 1914 1934 1955 2059 2105 2156 2166 2190 2236 2264 2321 2333 2449 2506 2572 2573 2712 2714 2719 2785 2874 2888 2924 3088 3092 3182 3243 3287 3363 3364 3382 3406 3408 3414 3423 3463 3500 3561 3589 3753 3805 3813 3892 3925 4055 4062 4087 4123 4153 4216 4273 4274 4333 4437 4465 4611 4683 4764 4772 4773 4907 4923 4957 5050 5088 5119 5131 5367 5373 5424 5472 5520 5562 5568 5637 5791 5794 5814 5888 5910 5929 5947 6012 6021 6033 6037 6074 6090 6091 6141 6146 6218 6234 6254 6281 6306 6360 6822 6828 6833 6834 6849 6853 6860 6861 6862 6878 6880 6893 6906 6908 6909 6915 6916 6922 6926 6932 6938 6939 6943 6944 6959 6965 6970 6976 6990 6993 6995 6998 7019 7032 7039 7048 7049 7055 7064 7075 7077 7078 7090 7091 7097 7109 7125 7130 7132 7155 7163 7176 7177 7190 7196 7203 7206 7210 7218 7229 7243 7249 7257 7258 7271 7272 7284 7285 7308 7317 7345 7350 7351 7362 7374 7375 7380 7392 7399 7400 7402 7403 7414 7419 7422 7423 7424 7434 7438 7447 7461 7462 7469 7472 7481 7516 7524 7530 7549 7614 7615 7619 
	}
	weather={
	}
}
