
strategic_region={
	id=8
	name="STRATEGICREGION_8"
	provinces={
		69 219 488 764 767 1258 1301 1363 1737 2124 2125 2394 2468 2493 2683 2767 2786 2799 2981 3005 3017 3224 3448 3503 3647 3677 3684 3953 4220 4737 4754 4802 4890 5173 5212 5320 5361 5717 5793 5922 6000 6176 6324 6378 8543 8580 8649 8692 8718 8733 8734 8741 8742 8756 8761 8774 8797 8805 8815 8849 8881 8901 8939 8960 8972 8976 8977 8994 9000 9016 9022 9051 9064 9073 9104 9112 9120 9130 9149 9165 9174 9189 9201 9224 9225 9249 
	}
	weather={
	}
}
