state={
	id=393
	name="STATE_393"
	provinces={
		588 960 1993 2295 3027 3568 3842 4604 5679 5972 6002 6755 6842 7018 7492 8142 8404 8469 10103 10220 10231 10261 10312 10403 11641 11643 11644 11645 11646 11647 11648 11649 11650 11651 11652 11653 11654 11657 11658 11663 11667 11668 11670 11675 11677 11678 11679 11681 11682 11683 11684 11685 11686 11693 11695 11697 11704 11707 11711 11713 11714 11716 11717 11718 11719 11721 
	}
	manpower=0
	buildings_max_level_factor=1.000
	local_supplies=0.000
}
