
state={
	id=396
	name="STATE_396"
	provinces={
		11 23 37 73 115 127 138 139 167 169 196 200 202 229 237 238 246 263 266 286 287 301 365 374 388 417 422 426 429 433 446 449 453 481 492 512 553 557 571 577 579 598 638 652 710 721 736 753 762 774 786 821 824 843 844 884 886 920 933 952 953 956 959 961 970 993 998 1002 1025 1052 1053 1086 1092 1095 1106 1128 1129 1137 1210 1216 1225 1228 1241 1255 1262 1305 1306 1307 1312 1334 1337 1358 1361 1368 1389 1392 1420 1424 1439 1445 1474 1529 1550 1556 1569 1576 1580 1587 1593 1599 1609 1631 1635 1659 1660 1668 1695 1721 1741 1743 1750 1773 1775 1779 1787 1792 1796 1833 1842 1853 1874 1900 1913 1928 1934 1953 1969 1976 1994 2000 2011 2032 2047 2059 2109 2112 2121 2154 2159 2165 2182 2190 2206 2213 2218 2265 2280 2285 2304 2317 2338 2347 2350 2371 2386 2389 2393 2401 2411 2414 2426 2428 2432 2482 2494 2503 2534 2538 2543 2574 2591 2607 2611 2629 2642 2650 2667 2668 2685 2692 2695 2702 2708 2710 2714 2728 2738 2754 2771 2772 2773 2779 2781 2791 2858 2873 2902 2912 2917 2933 2937 2951 2964 2965 3003 3018 3025 3031 3041 3065 3066 3077 3105 3108 3119 3128 3142 3157 3171 3174 3214 3225 3229 3236 3254 3303 3321 3328 3334 3339 3366 3420 3423 3485 3510 3511 3515 3529 3541 3547 3551 3566 3570 3573 3590 3619 3650 3655 3656 3658 3677 3682 3686 3713 3725 3733 3749 3765 3768 3770 3773 3797 3838 3850 3904 3914 3936 3964 3973 4001 4002 4068 4069 4075 4107 4109 4122 4148 4150 4151 4178 4193 4196 4206 4208 4219 4220 4222 4227 4237 4258 4267 4348 4366 4368 4394 4404 4411 4424 4442 4448 4454 4468 4483 4499 4500 4528 4531 4546 4549 4550 4577 4595 4602 4617 4622 4623 4633 4638 4680 4698 4705 4718 4740 4745 4759 4775 4778 4779 4798 4836 4849 4855 4957 4980 4987 5014 5025 5036 5055 5060 5065 5106 5107 5127 5141 5150 5166 5178 5179 5188 5190 5191 5203 5223 5237 5240 5271 5272 5339 5345 5366 5371 5387 5406 5475 5507 5509 5510 5531 5535 5537 5550 5551 5570 5577 5583 5596 5608 5625 5627 5652 5659 5660 5667 5685 5686 5710 5719 5746 5797 5804 5841 5850 5857 5858 5863 5866 5870 5904 5907 5961 5979 5996 6016 6019 6021 6070 6080 6089 6101 6116 6133 6150 6179 6202 6229 6280 6281 6299 6312 6345 6384 6388 6394 6408 6413 6423 6435 6443 6449 6455 6457 6458 6465 6471 6478 6494 6495 6496 6503 6506 6531 6535 6545 6548 6555 6587 6588 6594 6631 6640 6678 6683 6690 6693 6696 6699 6703 6725 6734 6742 6752 6790 6802 6807 6824 6837 6864 6865 6893 6913 6930 6957 7004 7034 7040 7046 7057 7060 7070 7073 7102 7119 7176 7178 7181 7214 7223 7243 7246 7260 7288 7331 7362 7368 7370 7400 7439 7441 7449 7468 7476 7528 7566 7567 7568 7575 7597 7635 7637 7643 7648 7688 7691 7697 7726 7727 7781 7789 7821 7826 7881 7885 7911 7919 7938 7942 7954 7960 7965 7989 8018 8045 8046 8047 8052 8076 8096 8108 8115 8121 8159 8178 8182 8198 8228 8237 8251 8268 8278 8291 8294 8295 8311 8316 8327 8349 8365 8375 8381 8389 8403 8412 8421 8424 8467 8501 8504 10391 10402 10429 10430 10467 10495 10499 10576 10593 10600 10618 10629 10630 10636 10638 10658 10664 10670 10672 10682 10683 10707 10718 10721 10722 10741 10743 10755 10773 10778 10792 10795 10798 10801 10814 10825 10832 10833 10839 10849 10856 10860 10863 10867 10881 10882 10892 10899 10900 10904 10910 10915 10930 10932 10939 10940 10943 10948 10952 10962 10963 10965 10973 10982 10984 10985 10991 10996 11001 11013 11027 11028 11029 11037 11039 11049 11051 11052 11053 11060 11061 11078 11083 11084 11088 11090 11100 11102 11104 11109 11110 11111 11119 11133 11134 11141 11152 11154 11160 11161 11162 11164 11165 11166 11168 11169 11174 11183 11190 11193 11206 11209 11212 11215 11218 11219 11222 11224 11231 11232 11243 11247 11248 11262 11263 11264 11268 11269 11283 11285 11288 11294 11295 11309 11313 11314 11324 11325 11332 11336 11337 11339 11341 11342 11345 11350 11352 11353 11356 11367 11368 11369 11373 11380 11385 11387 11394 11395 11396 11404 11407 11411 11413 11425 11428 11429 11433 11436 11444 11449 11454 11457 11458 11465 11470 11472 11473 11479 11486 11489 11491 11494 11502 11508 11509 11515 11526 11528 11530 11531 11536 11545 11549 11552 11562 11565 11569 11572 11580 11591 11592 11594 11600 11601 11602 11611 11630 11631 11722 
	}
	manpower=0
	buildings_max_level_factor=1.000
	local_supplies=0.000
}
