
state={
	id=400
	name="STATE_400"

	history={
		owner = CWE

	}

	provinces={
		3 9 10 14 30 48 54 88 101 157 159 190 193 203 209 212 215 224 244 260 267 281 285 307 323 341 369 371 377 386 395 399 441 445 451 460 461 471 502 511 521 528 531 532 551 561 565 567 589 590 594 601 603 617 618 642 658 691 697 700 724 731 737 766 771 780 802 809 814 827 828 842 849 856 860 864 885 887 907 909 912 914 925 928 962 981 1016 1022 1023 1030 1040 1073 1083 1084 1103 1107 1110 1112 1117 1127 1146 1150 1164 1165 1172 1193 1201 1212 1214 1215 1239 1245 1247 1252 1260 1308 1319 1325 1349 1355 1370 1380 1383 1399 1400 1421 1433 1444 1446 1453 1456 1478 1488 1503 1521 1523 1546 1561 1571 1603 1611 1633 1646 1648 1654 1663 1671 1672 1673 1691 1709 1729 1739 1766 1799 1800 1807 1831 1832 1834 1846 1867 1880 1910 1920 1925 1931 1958 1961 1965 1967 1981 2001 2019 2026 2037 2044 2045 2056 2061 2066 2107 2108 2119 2133 2134 2146 2150 2172 2202 2244 2266 2269 2274 2276 2283 2289 2298 2299 2307 2324 2330 2343 2353 2378 2431 2454 2457 2463 2474 2476 2483 2497 2500 2521 2522 2535 2554 2605 2613 2617 2618 2621 2623 2628 2648 2670 2674 2676 2686 2688 2712 2713 2756 2777 2788 2790 2812 2814 2831 2832 2842 2844 2877 2884 2885 2889 2897 2911 2922 2939 2947 2949 2961 3033 3038 3071 3084 3095 3096 3103 3125 3140 3191 3193 3195 3218 3219 3230 3234 3250 3257 3264 3284 3294 3296 3299 3311 3329 3343 3356 3361 3367 3381 3396 3400 3401 3414 3441 3442 3448 3453 3512 3518 3522 3532 3537 3549 3553 3563 3567 3569 3580 3592 3596 3618 3624 3628 3663 3671 3676 3695 3696 3703 3716 3719 3732 3782 3788 3789 3791 3801 3802 3809 3817 3823 3830 3857 3862 3872 3879 3884 3889 3893 3905 3924 3945 3946 3999 4018 4023 4046 4049 4060 4081 4091 4097 4099 4114 4121 4164 4167 4185 4194 4201 4235 4239 4243 4252 4255 4272 4287 4314 4316 4349 4350 4352 4355 4357 4364 4387 4429 4441 4450 4513 4523 4525 4536 4540 4570 4586 4592 4593 4634 4649 4676 4687 4707 4708 4744 4754 4758 4792 4795 4797 4807 4808 4818 4825 4831 4834 4856 4859 4878 4888 4899 4903 4911 4913 4931 4939 4940 4946 4956 4978 4997 5003 5016 5018 5019 5028 5047 5049 5068 5137 5154 5164 5167 5182 5186 5213 5227 5235 5242 5250 5274 5288 5290 5292 5295 5301 5302 5303 5335 5338 5348 5354 5375 5377 5383 5386 5417 5420 5424 5442 5459 5477 5480 5518 5544 5545 5555 5579 5609 5617 5619 5623 5683 5700 5713 5739 5740 5749 5750 5754 5767 5821 5832 5835 5859 5860 5875 5896 5897 5902 5914 5933 5949 5950 5967 5975 5978 5988 6032 6045 6048 6054 6077 6104 6109 6111 6123 6163 6170 6173 6174 6181 6182 6188 6219 6223 6234 6242 6244 6305 6331 6338 6344 6383 6393 6400 6401 6406 6410 6411 6420 6428 6430 6438 6447 6451 6460 6464 6477 6498 6540 6551 6579 6608 6609 6614 6629 6659 6677 6700 6740 6741 6744 6756 6776 6783 6791 6793 6812 6816 6832 6835 6863 6876 6884 6941 6946 6961 6974 6986 6987 6991 7006 7009 7012 7015 7017 7026 7032 7038 7052 7059 7083 7091 7093 7100 7138 7140 7152 7153 7171 7197 7215 7218 7227 7235 7240 7250 7251 7258 7264 7277 7278 7283 7303 7313 7323 7384 7393 7395 7408 7411 7419 7431 7462 7463 7470 7478 7481 7482 7498 7503 7506 7521 7524 7534 7570 7587 7602 7632 7680 7683 7752 7768 7771 7772 7773 7804 7828 7830 7835 7867 7883 7894 7915 7958 7972 7982 8000 8001 8006 8011 8023 8027 8042 8049 8060 8066 8068 8073 8080 8107 8139 8151 8156 8157 8196 8220 8222 8226 8245 8253 8263 8302 8303 8338 8341 8350 8392 8416 8426 8429 8432 8442 8445 8456 8477 8478 8523 8524 8525 8526 8527 8528 8529 8530 8531 8532 8533 8534 8535 8536 8537 8538 8539 8540 8567 8571 8582 8587 8588 8589 8590 8599 8600 8601 8604 8607 8615 8621 8623 8625 8630 8631 8633 8637 8639 8640 8641 8647 8650 8664 8672 8683 8686 8687 8692 8693 8705 8711 8715 8722 8734 8735 8739 8740 8745 8748 8756 8759 8768 8772 8777 8778 8789 8791 8792 8804 8807 8814 8822 8823 8838 8846 8847 8852 8863 8864 8869 8870 8872 8880 8884 8885 8887 8889 8895 8903 8913 8919 8920 8921 8928 8931 8936 8937 8938 8942 8943 8947 8948 8955 8956 8961 8962 8967 8968 8982 8983 8984 8991 8993 9000 9005 9010 9014 9023 9024 9026 9029 9030 9034 9035 9036 9039 9043 9046 9048 9049 9053 9054 9056 9057 9068 9069 9073 9081 9082 9083 9088 9092 9103 9104 9107 9111 9113 9120 9126 9136 9143 9149 9152 9154 9158 9159 9167 9171 9173 9179 9183 9193 9195 9196 9199 9201 9205 9206 9207 9210 9217 9221 9223 9227 9235 9236 9237 9240 9241 9242 9246 9247 9252 9261 9267 9274 9276 9295 9296 9297 9298 9299 9301 9303 9312 9314 9318 9333 9334 9335 9336 9347 9351 9358 9370 9374 9378 9384 9386 9387 9393 9394 9396 9411 9417 9418 9431 9437 9446 9457 9463 9464 9479 9483 9489 9493 9497 9506 9520 9540 9555 9556 9565 9573 9596 9613 9631 9632 9650 9652 9674 9676 9687 9691 9692 9716 9739 
	}
	manpower=1000
	buildings_max_level_factor=1.000
	state_category=wasteland
	local_supplies=0.000
}
