
state={
	id=401
	name="STATE_401"

	history={
		owner = CWE

	}

	provinces={
		1 24 33 43 44 47 85 89 91 95 104 109 112 114 128 135 142 151 158 180 186 206 216 226 240 262 277 304 310 311 320 328 336 343 382 387 403 404 405 413 467 468 478 527 549 568 597 599 604 607 615 622 623 636 645 664 668 676 679 680 689 696 704 715 716 717 760 776 779 804 805 810 830 834 838 839 846 850 858 871 882 894 911 924 929 935 946 947 958 966 985 991 997 1006 1054 1058 1061 1062 1064 1069 1074 1082 1093 1099 1116 1140 1153 1155 1156 1157 1171 1173 1187 1227 1237 1264 1268 1271 1273 1284 1286 1287 1288 1291 1300 1303 1313 1324 1326 1330 1364 1386 1393 1403 1405 1434 1443 1469 1486 1496 1502 1516 1548 1564 1568 1577 1590 1608 1616 1618 1622 1627 1644 1649 1653 1682 1683 1688 1690 1699 1724 1730 1733 1746 1749 1790 1825 1829 1844 1848 1860 1864 1870 1871 1894 1897 1907 1912 1914 1963 1979 1987 1989 1991 2024 2040 2054 2055 2072 2083 2085 2102 2115 2124 2130 2138 2142 2151 2156 2158 2166 2173 2178 2199 2211 2229 2231 2232 2261 2272 2305 2342 2346 2354 2362 2375 2376 2406 2409 2410 2485 2518 2529 2530 2532 2548 2561 2563 2566 2579 2582 2588 2595 2596 2601 2609 2627 2638 2665 2672 2675 2680 2693 2730 2744 2760 2765 2775 2805 2816 2819 2838 2848 2868 2886 2913 2914 2921 2935 2945 2950 2953 2957 2968 2983 2986 3000 3002 3008 3009 3011 3014 3056 3057 3060 3061 3062 3068 3072 3078 3082 3100 3112 3117 3122 3131 3133 3143 3164 3167 3170 3177 3181 3188 3198 3199 3209 3210 3243 3253 3256 3269 3283 3290 3304 3310 3325 3340 3341 3344 3346 3362 3363 3364 3382 3390 3413 3421 3422 3430 3432 3434 3451 3487 3495 3504 3506 3513 3514 3520 3526 3542 3543 3544 3548 3564 3574 3581 3587 3591 3597 3617 3629 3633 3634 3642 3645 3657 3704 3707 3734 3756 3760 3763 3769 3784 3786 3787 3792 3795 3805 3827 3855 3869 3871 3873 3876 3883 3900 3906 3927 3930 3935 3942 3962 3974 3984 3991 3998 4005 4012 4013 4015 4025 4030 4037 4041 4042 4043 4044 4047 4055 4064 4065 4067 4077 4079 4080 4093 4094 4110 4124 4135 4139 4143 4157 4173 4189 4195 4211 4214 4216 4226 4234 4250 4266 4296 4300 4302 4303 4313 4325 4346 4351 4376 4397 4403 4409 4422 4451 4452 4463 4464 4476 4486 4487 4493 4494 4496 4498 4501 4507 4516 4529 4532 4572 4573 4581 4610 4627 4641 4646 4668 4704 4714 4735 4747 4765 4767 4769 4773 4782 4824 4826 4847 4852 4872 4874 4877 4884 4887 4901 4924 4971 4989 5011 5012 5020 5038 5043 5081 5098 5100 5119 5123 5129 5149 5156 5165 5176 5177 5207 5248 5267 5275 5285 5286 5289 5296 5299 5300 5304 5311 5321 5341 5343 5349 5353 5373 5378 5389 5393 5414 5418 5428 5444 5453 5458 5470 5474 5573 5574 5585 5607 5612 5656 5658 5673 5676 5684 5697 5702 5709 5744 5748 5756 5772 5800 5807 5810 5818 5820 5824 5827 5829 5830 5842 5856 5862 5874 5877 5881 5882 5899 5903 5924 5925 5935 5951 5952 5959 5968 5989 5993 5994 5998 6012 6023 6030 6039 6041 6046 6073 6094 6099 6108 6112 6122 6125 6137 6140 6147 6166 6169 6172 6189 6195 6199 6215 6227 6279 6284 6293 6327 6340 6343 6355 6365 6372 6373 6407 6415 6444 6470 6481 6484 6491 6502 6526 6532 6534 6547 6553 6565 6575 6578 6591 6613 6627 6651 6657 6661 6666 6674 6676 6682 6687 6724 6728 6763 6788 6792 6794 6838 6851 6853 6866 6867 6896 6900 6908 6916 6921 6928 6938 6947 6955 6956 6965 6969 6972 6976 6982 6985 6990 6999 7005 7055 7065 7067 7076 7079 7084 7088 7090 7092 7109 7112 7117 7126 7136 7142 7180 7190 7202 7234 7238 7252 7269 7276 7280 7325 7365 7371 7383 7397 7410 7412 7414 7427 7445 7446 7451 7454 7488 7501 7508 7513 7520 7531 7535 7559 7562 7574 7579 7590 7592 7593 7594 7600 7612 7615 7625 7640 7641 7676 7689 7695 7701 7721 7741 7766 7792 7802 7813 7816 7829 7832 7839 7842 7856 7879 7896 7900 7903 7914 7933 7946 7950 7951 7980 8003 8007 8013 8031 8033 8044 8074 8075 8099 8112 8126 8133 8136 8141 8154 8160 8164 8173 8174 8185 8197 8224 8230 8231 8232 8240 8241 8259 8264 8285 8290 8296 8305 8339 8357 8359 8366 8374 8387 8390 8422 8427 8435 8443 8454 8455 8458 8462 8491 8495 8511 8512 8513 8514 8515 8516 8517 8518 8519 8520 8521 8522 8570 8574 8577 8578 8594 8597 8606 8611 8614 8622 8624 8627 8643 8660 8662 8663 8671 8681 8682 8685 8697 8698 8701 8704 8709 8714 8717 8718 8721 8730 8738 8746 8747 8749 8751 8754 8755 8758 8766 8770 8776 8782 8784 8785 8787 8788 8800 8806 8812 8818 8820 8821 8829 8835 8842 8854 8856 8859 8860 8868 8876 8897 8902 8909 8916 8927 8933 8934 8935 8940 8959 8969 8971 8972 8987 8988 8989 8990 8992 9009 9019 9021 9022 9025 9038 9042 9058 9080 9085 9086 9087 9090 9095 9110 9116 9117 9123 9131 9141 9142 9147 9148 9151 9153 9164 9165 9178 9181 9185 9189 9190 9192 9198 9220 9234 9249 9257 9260 9262 9266 9273 9279 9283 9284 9287 9288 9305 9309 9310 9321 9329 9331 9341 9342 9346 9350 9355 9356 9363 9365 9366 9371 9376 9377 9392 9395 9400 9401 9402 9406 9410 9414 9430 9435 9445 9449 9452 9453 9456 9459 9474 9475 9477 9478 9482 9487 9495 9518 9519 9524 9527 9538 9539 9544 9557 9571 9572 9574 9586 9589 9590 9609 9618 9621 9623 9637 9686 9697 9699 9710 9723 9752 9754 9765 9774 9786 9828 9839 9848 9851 9868 9883 9884 9896 9902 9912 9914 9943 9947 10024 10029 10033 10084 10101 10113 10127 10128 10164 10172 10184 10196 10259 10273 11638 11655 11661 
	}
	manpower=1000
	buildings_max_level_factor=1.000
	state_category=wasteland
	local_supplies=0.000
}
