state={
	id=403
	name="STATE_403"
	provinces={
		 7868 7887 7889 7897 7901 7906 7912 7918 7920 7930 7932 7941 7943 7948 7959 7968 7969 7970 7973 7974 7977 7983 7984 7996 8009 8015 8021 8029 8035 8041 8043 8061 8088 8097 8100 8101 8104 8109 8117 8119 8122 8149 8152 8163 8169 8187 8192 8205 8223 8227 8236 8239 8243 8254 8267 8273 8281 8282 8284 8292 8307 8309 8313 8314 8315 8319 8322 8323 8325 8335 8337 8345 8356 8362 8364 8367 8370 8394 8398 8401 8407 8408 8414 8419 8437 8438 8440 8450 8451 8452 8453 8457 8459 8464 8473 8474 8475 8476 8480 8481 8484 8485 8498 8499 8556 8557 8558 8559 8560 8561 8562 8563 8564 8565 8566 8576 8581 8585 8586 8592 8593 8605 8609 8610 8618 8629 8632 8636 8645 8648 8652 8653 8654 8659 8666 8667 8668 8670 8675 8689 8690 8691 8708 8712 8713 8716 8719 8720 8724 8732 8736 8737 8742 8757 8760 8762 8780 8781 8790 8793 8794 8795 8798 8799 8801 8802 8810 8811 8813 8815 8825 8827 8828 8833 8834 8840 8841 8844 8848 8849 8851 8857 8865 8875 8888 8893 8898 8899 8907 8908 8910 8911 8917 8918 8923 8924 8925 8939 8946 8960 8964 8965 8966 8973 8975 8976 8979 8995 8996 8999 9003 9008 9013 9015 9018 9032 9033 9037 9040 9047 9051 9062 9063 9064 9065 9066 9067 9070 9071 9072 9076 9077 9078 9079 9098 9101 9106 9112 9119 9125 9127 9129 9130 9133 9138 9139 9140 9144 9156 9157 9172 9176 9180 9187 9188 9194 9197 9203 9204 9212 9216 9219 9228 9229 9238 9244 9245 9251 9255 9256 9264 9265 9268 9271 9272 9275 9281 9286 9290 9291 9294 9307 9308 9311 9319 9320 9324 9327 9328 9340 9343 9344 9352 9353 9354 9375 9380 9381 9382 9389 9390 9399 9403 9404 9405 9408 9413 9423 9424 9425 9428 9433 9434 9439 9440 9441 9442 9448 9455 9460 9462 9470 9471 9480 9492 9496 9499 9502 9504 9507 9508 9509 9512 9515 9517 9521 9522 9526 9529 9533 9535 9536 9547 9550 9551 9552 9554 9559 9562 9563 9566 9567 9578 9579 9584 9588 9592 9594 9600 9602 9603 9607 9611 9615 9616 9617 9620 9627 9630 9635 9640 9641 9646 9648 9655 9656 9657 9660 9661 9662 9665 9670 9671 9672 9673 9681 9682 9690 9695 9696 9700 9701 9703 9704 9706 9708 9709 9712 9713 9714 9721 9725 9731 9733 9734 9737 9738 9741 9742 9745 9748 9751 9758 9767 9768 9772 9773 9776 9777 9780 9781 9782 9784 9790 9792 9796 9798 9799 9803 9805 9807 9809 9810 9811 9812 9816 9817 9818 9819 9821 9824 9827 9835 9838 9847 9855 9856 9857 9858 9862 9863 9864 9870 9872 9875 9876 9877 9879 9880 9881 9882 9887 9889 9892 9894 9899 9901 9903 9907 9908 9909 9910 9913 9916 9917 9918 9921 9922 9923 9925 9926 9933 9934 9935 9946 9948 9949 9951 9952 9954 9956 9958 9959 9960 9961 9962 9963 9964 9968 9970 9971 9974 9976 9977 9981 9984 9985 9988 9989 9990 9991 9992 9995 9998 10000 10001 10005 10007 10008 10009 10010 10012 10016 10017 10021 10023 10026 10027 10028 10030 10031 10035 10040 10041 10042 10045 10046 10047 10048 10049 10056 10057 10060 10061 10063 10064 10070 10071 10074 10076 10079 10080 10081 10082 10083 10087 10088 10089 10090 10091 10092 10094 10098 10099 10100 10102 10105 10107 10108 10111 10114 10115 10117 10119 10120 10125 10129 10130 10132 10133 10134 10139 10142 10145 10147 10148 10150 10151 10154 10158 10160 10161 10162 10163 10166 10168 10169 10174 10175 10176 10179 10185 10186 10187 10189 10193 10194 10197 10198 10206 10208 10211 10214 10215 10218 10219 10222 10224 10226 10230 10232 10235 10239 10240 10247 10249 10254 10265 10266 10274 10277 10284 10303 10304 
	}
	manpower=1000
	impassable = yes
	state_category = wasteland
	buildings_max_level_factor=1.000
	local_supplies=0.000
	history = {
		owner = CWE
		
	}
}
